RPM, Speed, Water-temp (engine), Air-temp manifold, Batt voltage, Pot, MAP, Lambda, Gear Neautral, Oil-press, Water-temp, Oil-temp
4378;0;93;55;14;1;827;0.105417;255;255;129;116
4378;0;93;55;14;0;48967;0.000000;16;215;197;197
4298;0;91;55;14;1;833;0.105417;255;255;129;118
4327;0;91;55;14;1;828;0.105417;255;255;129;118
4298;0;96;55;14;0;48967;0.000000;16;189;197;197
4273;0;91;55;14;1;834;0.105417;255;255;129;116
4266;0;96;55;14;1;837;0.105417;255;255;129;118
4277;0;91;55;14;0;48967;0.000000;16;55;197;197
4287;0;91;55;14;0;823;0.105417;255;255;129;118
4287;0;91;55;14;1;834;0.105417;255;255;129;118
4245;0;97;55;14;0;48967;0.000000;16;208;197;197
4224;0;92;55;14;0;821;0.105417;255;255;129;118
4224;0;92;55;14;0;821;0.105417;255;255;129;118
4207;0;90;55;14;0;48967;0.000000;16;65;197;197
4118;0;90;55;14;0;827;0.105417;255;255;129;118
4118;0;90;55;14;0;827;0.105417;255;255;129;118
4280;0;90;55;14;0;48967;0.000000;16;181;197;197
4266;0;90;55;14;0;830;0.105417;255;255;129;118
4259;0;94;55;14;0;825;0.105417;255;255;129;118
4241;0;90;55;14;0;48967;0.000000;16;193;197;197
4277;0;94;55;14;0;830;0.105417;255;255;129;118
4231;0;93;55;14;0;828;0.105833;255;255;129;118
4231;0;93;55;14;0;48967;0.000000;32;96;197;197
8349;0;96;55;14;51;1251;0.105833;255;255;129;118
8075;0;96;55;14;71;1408;0.106250;255;255;129;118
8075;0;96;55;14;66;48967;0.000000;38;82;197;197
9805;0;95;55;14;70;1422;0.104583;255;255;129;118
9303;0;101;55;14;37;1198;0.104583;255;255;129;118
9303;0;93;55;14;27;48967;0.000000;29;103;197;197
7806;0;91;56;14;20;838;0.105417;255;255;129;118
7806;0;91;56;14;20;838;0.105417;255;255;129;118
7840;0;92;56;14;27;48967;0.000000;27;99;197;197
7005;0;91;57;14;0;576;0.104583;255;255;127;118
6967;0;94;57;14;0;579;0.104583;255;255;127;118
6861;0;89;57;14;0;48967;0.000000;29;114;197;197
7597;0;90;57;14;18;901;0.106250;254;255;127;118
7597;0;90;57;14;18;905;0.106250;255;255;127;118
7377;0;90;58;14;14;48967;0.000000;32;124;197;197
8570;0;94;58;14;17;729;0.105833;255;255;127;118
8570;0;94;58;14;17;729;0.105833;255;255;127;118
8255;0;88;58;14;14;48967;0.000000;33;220;197;197
8654;0;87;58;14;8;631;0.104583;255;255;125;118
8640;0;87;58;14;4;568;0.104167;255;255;125;118
8430;0;92;58;14;0;48967;0.000000;25;242;197;197
6610;0;86;59;14;3;631;0.104167;255;252;125;118
6610;0;86;59;14;3;631;0.104167;255;255;125;118
6736;0;88;59;14;6;664;0.104167;255;255;125;118
6736;0;86;59;14;6;664;0.104167;255;255;125;118
6861;0;86;59;14;14;748;0.104583;255;255;125;118
6503;0;87;59;14;16;844;0.104583;255;255;125;118
6503;0;-2430;118;103;-31;6916;0.002083;11;224;183;90
8801;0;88;59;14;37;1063;0.105417;255;255;124;118
8801;0;88;59;14;37;1063;0.105417;255;255;124;118
9045;0;88;59;14;40;48967;0.000000;36;75;197;197
9539;0;87;60;14;36;902;0.103333;255;255;124;116
9539;0;87;60;14;36;902;0.103333;255;255;124;116
9750;0;88;60;14;40;48967;0.000000;40;21;197;197
10259;0;89;60;14;26;747;0.102500;255;255;122;116
10279;0;84;60;14;15;663;0.103333;255;255;122;116
10279;0;84;60;14;14;48967;0.000000;35;176;197;197
9125;0;84;61;14;15;619;0.103333;255;255;122;116
9237;0;88;61;14;16;642;0.102917;255;255;122;116
9237;0;84;61;14;14;48967;0.000000;31;228;197;197
8282;0;83;62;14;9;647;0.103750;255;255;122;116
8282;0;83;62;14;9;647;0.103750;255;255;122;116
8415;0;88;62;14;8;649;0.104167;255;255;122;115
8415;0;88;62;14;8;649;0.104167;255;255;122;116
8472;0;83;62;14;7;624;0.104167;255;255;122;115
7888;0;87;62;14;0;569;0.104583;255;255;122;116
7888;0;87;62;14;0;569;0.104583;255;255;122;115
7653;0;87;62;14;3;584;0.104167;255;255;122;115
7653;0;87;62;14;3;584;0.104167;255;255;122;115
8062;0;87;62;14;4;609;0.104583;255;255;122;116
8138;0;83;62;14;5;613;0.104583;255;255;122;115
8138;0;83;62;14;5;613;0.104583;255;255;122;116
8049;0;87;62;14;4;604;0.104583;255;255;122;115
8049;0;87;62;14;6;604;0.104583;255;255;122;115
7912;0;87;62;14;6;626;0.104583;255;255;120;115
7713;0;83;62;14;7;669;0.104583;255;255;122;115
7713;0;83;62;14;7;669;0.104583;255;255;120;115
7630;0;87;62;14;8;693;0.104583;255;255;120;115
7477;0;83;62;14;11;739;0.104583;255;255;120;115
7477;0;83;62;14;11;739;0.104583;255;255;122;115
7477;0;83;62;14;16;795;0.105000;255;255;122;115
7477;0;83;62;14;16;795;0.105000;255;255;120;115
7346;0;85;62;14;33;969;0.105417;255;255;120;115
8513;0;87;62;14;57;1335;0.105417;255;255;120;115
8513;0;87;62;14;57;1335;0.105417;255;255;120;115
8499;0;86;62;14;35;1194;0.105000;255;255;120;115
8499;0;86;62;14;35;1194;0.105000;255;255;120;115
8430;0;86;62;14;34;1082;0.105417;255;255;120;115
8430;0;85;62;14;31;1037;0.105417;255;255;120;115
8430;0;85;62;14;31;1037;0.105417;255;255;120;115
8255;0;84;62;14;27;918;0.104583;255;255;120;115
8255;0;84;62;14;28;918;0.104583;255;255;120;115
8598;0;84;62;14;28;948;0.105417;255;255;120;115
8402;0;87;62;14;26;918;0.105000;255;255;120;115
8402;0;87;62;14;26;918;0.105000;255;255;120;115
8713;0;85;62;14;25;902;0.105000;255;255;120;115
8877;0;84;63;14;27;902;0.105000;255;255;120;115
8877;0;84;63;14;27;875;0.105000;255;255;120;115
8801;0;84;62;14;28;878;0.105000;255;255;120;115
8801;0;84;62;14;28;878;0.105000;255;255;120;115
9030;0;84;63;14;32;906;0.104583;255;255;120;115
9157;0;87;62;14;34;945;0.104583;255;255;120;115
9157;0;87;62;14;34;945;0.104167;255;255;120;115
9269;0;89;62;14;30;891;0.104167;255;255;120;115
9269;0;89;62;14;30;891;0.104167;255;255;120;115
9353;0;84;63;14;26;851;0.104167;255;255;120;115
9421;0;84;63;14;32;851;0.104167;255;255;120;115
9421;0;84;63;14;32;831;0.104167;255;255;120;115
7691;0;84;62;14;34;973;0.103750;255;255;120;115
7691;0;84;62;14;34;973;0.103750;254;255;120;115
7233;0;89;63;14;32;1092;0.103333;254;255;120;115
7233;0;89;63;14;32;1092;0.103333;255;255;120;115
7119;0;86;62;14;32;1127;0.102083;255;255;120;115
7295;0;84;63;14;32;1135;0.104167;255;255;120;115
7295;0;84;63;14;32;1135;0.104167;255;255;120;115
7053;0;84;63;14;20;1028;0.104583;255;255;120;115
7053;0;83;63;14;6;1028;0.104583;255;255;120;115
6967;0;83;63;14;2;852;0.105000;255;255;120;115
6685;0;84;63;14;8;781;0.105000;255;255;120;115
6685;0;82;63;14;16;781;0.105000;255;255;120;115
7042;0;82;63;14;16;822;0.104583;255;255;120;115
7346;0;89;63;14;27;993;0.105000;255;255;120;115
7346;0;89;63;14;27;993;0.105000;254;255;120;115
7081;0;84;63;14;28;1034;0.105417;255;255;120;115
7081;0;84;63;14;30;1034;0.105417;255;255;120;115
7183;0;84;63;14;30;1095;0.105417;255;255;120;115
7346;0;85;63;14;34;1149;0.105833;255;255;120;115
7346;0;85;63;14;34;1149;0.105833;255;255;120;115
7398;0;89;63;14;27;1091;0.105833;255;255;120;115
7398;0;89;63;14;27;1091;0.105833;255;255;120;115
7305;0;87;63;14;26;1055;0.105417;255;255;120;115
7305;0;83;63;14;26;1044;0.105417;255;255;120;115
7305;0;83;63;14;26;1044;0.105417;255;255;120;115
7388;0;84;63;14;34;1108;0.105417;255;255;120;115
7388;0;84;63;14;34;1108;0.105417;255;255;120;115
7367;0;85;63;14;36;1158;0.105417;255;255;120;115
7435;0;85;63;14;37;1170;0.105000;255;255;120;115
7435;0;85;63;14;37;1170;0.105000;255;255;120;115
7183;0;84;63;14;4;957;0.105417;255;255;120;115
6519;0;82;63;14;0;750;0.105417;255;255;120;115
6519;0;82;63;14;0;750;0.105000;255;255;120;115
6423;0;82;63;14;0;687;0.105000;255;254;120;115
6423;0;82;63;14;0;687;0.105000;247;255;120;115
6239;0;82;63;14;0;651;0.104167;255;255;120;115
6291;0;83;63;14;5;648;0.104583;255;255;120;115
6291;0;83;63;14;5;648;0.104583;255;255;120;115
6495;0;82;63;14;28;876;0.104583;255;255;120;115
6495;0;82;63;14;28;876;0.104583;255;255;120;115
6479;0;89;63;14;33;1091;0.105000;255;255;120;115
6447;0;85;63;14;45;1218;0.105417;255;255;120;115
6447;0;85;63;14;45;1218;0.105417;254;255;120;115
6780;0;90;63;14;46;1318;0.105417;255;255;120;115
6780;0;90;63;14;46;1318;0.105417;255;255;120;115
6423;0;84;63;14;6;1053;0.105417;255;255;120;115
6150;0;83;63;14;0;799;0.105417;255;255;118;115
6150;0;83;63;14;0;799;0.105417;255;255;120;115
6208;0;82;63;14;0;724;0.104583;255;255;118;115
6208;0;82;63;14;0;724;0.104583;255;255;120;115
6261;0;82;63;14;1;681;0.104167;255;255;118;115
6685;0;83;63;14;42;987;0.104167;255;255;118;115
6685;0;83;63;14;42;987;0.104167;255;255;120;115
6284;0;90;63;14;11;1203;0.105000;255;255;120;115
5513;0;85;63;14;0;1203;0.105000;255;255;120;115
5513;0;85;63;14;0;873;0.105417;255;255;118;115
5196;0;82;63;14;0;775;0.105000;255;255;120;115
5196;0;82;63;14;0;775;0.105000;255;255;118;115
4788;0;82;63;14;0;770;0.105000;255;255;118;115
3746;0;82;63;14;0;792;0.105000;255;255;118;115
3746;0;82;63;14;0;792;0.105000;255;255;118;115
3425;0;81;63;14;0;849;0.104583;255;255;118;115
3425;0;81;63;14;0;849;0.104583;255;255;118;113
3790;0;85;63;14;0;873;0.104583;255;255;118;113
4752;0;82;63;14;0;850;0.105417;255;255;118;115
4752;0;82;63;14;0;850;0.105417;255;255;120;115
4958;0;82;63;14;0;803;0.105417;255;255;118;113
4958;0;82;63;14;0;803;0.105417;255;255;118;113
4744;0;82;63;14;0;789;0.105417;254;255;118;113
4446;0;83;63;14;0;799;0.105000;255;255;118;113
4446;0;83;63;14;0;799;0.105000;255;255;118;113
4096;0;82;63;14;0;819;0.104583;255;255;118;113
4096;0;82;63;14;0;819;0.104583;255;255;118;113
4118;0;82;63;14;0;842;0.104583;255;255;118;113
4503;0;83;63;14;0;834;0.104583;255;255;118;113
4503;0;83;63;14;0;834;0.104583;255;255;118;113
4378;0;82;63;14;1;831;0.105417;255;255;118;113
4378;0;86;63;14;10;831;0.105417;255;255;118;113
4191;0;86;63;14;10;916;0.105417;255;255;118;113
4316;0;82;63;14;16;1001;0.105417;255;255;118;113
4316;0;82;63;14;16;1001;0.105417;255;255;118;113
4423;0;87;63;14;15;1024;0.105833;255;255;118;113
4378;0;82;63;14;14;1020;0.105833;255;255;118;113
4378;0;82;63;14;14;1020;0.105833;255;255;118;113
4492;0;82;63;14;13;1011;0.105833;255;255;118;113
4492;0;82;63;14;13;1011;0.105833;255;255;118;113
4582;0;82;63;14;13;1005;0.105417;255;255;118;113
4582;0;84;63;14;23;1005;0.105417;255;255;118;113
4727;0;84;63;14;23;1061;0.105417;255;255;118;113
4875;0;83;63;14;36;1110;0.105417;255;255;118;113
4875;0;83;63;14;36;1110;0.105417;255;255;118;113
4832;0;84;63;14;38;1217;0.105000;255;255;118;113
5059;0;87;63;14;32;1217;0.105000;255;255;118;113
5059;0;87;63;14;32;1166;0.105000;255;255;118;113
4925;0;82;63;14;35;1176;0.105000;255;255;118;113
4925;0;82;63;14;35;1176;0.105000;255;255;118;113
5439;0;88;63;14;57;1259;0.104583;255;255;118;113
5247;0;84;63;14;71;1259;0.104583;255;255;118;113
5247;0;84;63;14;71;1287;0.105000;255;255;118;113
5084;0;84;63;14;95;1309;0.105417;255;255;118;113
5084;0;83;63;14;95;1309;0.105417;255;255;118;113
5221;0;83;63;14;117;1311;0.105833;255;255;118;113
5405;0;84;63;14;118;1321;0.105417;255;255;118;113
5405;0;84;63;14;118;1321;0.105417;255;255;118;113
5422;0;84;63;14;118;1335;0.105417;255;255;118;113
5422;0;83;63;14;118;1335;0.105417;255;255;118;113
5952;0;83;63;14;119;1374;0.105833;255;255;118;113
5952;0;88;63;14;119;1364;0.105833;255;255;118;113
5952;0;88;63;14;119;1364;0.105833;255;255;118;113
6223;0;84;63;14;119;1405;0.105833;255;255;118;113
6376;0;88;63;14;119;1412;0.105833;255;255;118;113
6376;0;88;63;14;119;1412;0.105833;255;255;118;113
6833;0;84;62;14;120;1454;0.105000;255;255;118;113
6833;0;84;62;14;120;1454;0.105000;255;255;118;113
7042;0;88;62;14;100;1443;0.105000;255;255;118;113
6949;0;89;62;14;23;1443;0.105000;255;255;118;113
6949;0;89;62;14;23;1279;0.104583;255;255;118;113
6702;0;83;62;14;13;973;0.104583;255;255;118;113
6702;0;83;62;14;13;973;0.104583;255;255;118;113
6552;0;83;62;14;0;841;0.105417;255;255;118;113
6552;0;81;62;14;0;841;0.105417;255;254;116;113
6431;0;81;62;14;0;711;0.105000;255;255;116;113
6610;0;85;62;14;2;673;0.104167;255;255;116;113
6610;0;85;62;14;2;673;0.104167;255;255;116;113
7033;0;83;62;14;27;906;0.103750;255;255;116;113
7552;0;85;62;14;58;1217;0.104167;254;255;118;113
7552;0;85;62;14;58;1217;0.104167;255;255;118;113
6851;0;85;62;14;51;1355;0.105833;255;255;116;113
6851;0;85;62;14;51;1355;0.105833;255;255;116;113
7552;0;85;62;14;53;1359;0.105417;255;255;116;113
7531;0;88;62;14;38;1232;0.105833;255;255;116;113
7531;0;88;62;14;38;1232;0.105833;255;255;116;113
7853;0;84;62;14;33;1161;0.105833;255;255;116;113
7853;0;84;62;14;33;1161;0.105833;255;255;116;113
7466;0;83;62;14;16;968;0.105833;255;255;116;113
7455;0;82;62;14;12;871;0.105833;255;255;116;113
7455;0;82;62;14;12;871;0.105833;255;255;116;113
7377;0;81;62;14;10;806;0.105417;255;255;116;113
7552;0;82;62;14;21;806;0.105417;255;255;116;113
7552;0;82;62;14;21;865;0.105417;255;255;116;113
8150;0;85;62;14;34;966;0.105417;255;255;116;113
8150;0;85;62;14;34;966;0.105417;255;255;116;113
7691;0;87;62;14;35;1119;0.105833;255;255;116;113
7691;0;84;62;14;35;1119;0.105833;255;255;116;113
8112;0;84;62;14;36;1118;0.105833;255;255;116;113
8150;0;83;62;14;36;1121;0.105833;255;255;116;113
8150;0;83;62;14;36;1121;0.105833;255;255;116;113
8269;0;88;62;14;33;1098;0.105833;255;255;116;113
8217;0;83;62;14;23;974;0.105833;255;255;116;113
8217;0;83;62;14;23;974;0.105417;255;255;116;113
8099;0;82;62;14;19;870;0.105417;255;255;116;113
8099;0;82;62;14;19;870;0.105417;255;254;116;113
8255;0;85;62;14;18;818;0.105833;255;255;116;113
8217;0;81;62;14;18;800;0.105417;255;255;116;113
8217;0;81;62;14;18;800;0.105417;255;255;116;113
8282;0;81;62;14;19;803;0.105000;255;255;116;113
8282;0;86;62;14;23;803;0.105000;255;255;116;113
8230;0;86;62;14;23;840;0.105000;255;255;116;113
8402;0;82;62;14;26;899;0.105000;255;255;116;113
8402;0;82;62;14;26;899;0.105000;255;255;116;113
8430;0;82;62;14;16;843;0.105000;255;255;116;111
8430;0;82;62;14;16;843;0.105000;255;255;116;111
8458;0;81;62;14;15;765;0.105417;255;255;116;113
8430;0;81;62;14;13;726;0.105833;255;255;116;113
8430;0;81;62;14;13;726;0.105833;255;253;116;111
8486;0;81;62;14;17;741;0.105417;254;255;116;111
8486;0;85;62;14;17;741;0.105417;255;255;116;113
8513;0;85;62;14;21;788;0.105000;255;255;116;113
8626;0;86;62;14;24;827;0.104583;255;255;116;113
8626;0;86;62;14;24;827;0.104583;255;255;116;111
8654;0;81;62;14;23;845;0.105000;255;255;116;111
8728;0;86;62;14;23;845;0.105000;255;255;116;113
8728;0;86;62;14;23;828;0.105417;255;255;116;111
8728;0;81;62;14;21;798;0.105000;255;255;116;113
8728;0;81;62;14;21;798;0.105000;255;255;116;111
8816;0;85;62;14;18;754;0.105000;255;255;116;111
8654;0;81;62;14;13;754;0.105000;255;255;116;113
8654;0;81;62;14;13;684;0.104583;255;255;116;111
8757;0;85;62;14;5;640;0.105000;255;255;116;111
8757;0;85;62;14;5;640;0.105000;255;255;116;111
8513;0;80;62;14;0;525;0.105000;255;255;116;111
8163;0;81;62;14;0;511;0.105000;255;255;116;111
8163;0;81;62;14;0;511;0.105000;255;254;116;111
7853;0;84;62;14;0;522;0.105417;255;255;116;111
7853;0;79;62;14;0;522;0.105417;254;255;116;111
7771;0;79;62;14;0;544;0.105000;255;255;116;111
7477;0;80;62;14;0;555;0.105000;255;255;116;111
7477;0;80;62;14;0;555;0.105000;255;255;116;111
7244;0;79;62;14;0;564;0.105000;254;255;116;111
7244;0;84;62;14;0;564;0.105000;255;255;116;111
6976;0;84;62;14;0;574;0.104583;255;255;116;111
6780;0;84;62;14;0;582;0.104583;255;255;116;111
6780;0;84;62;14;0;582;0.104583;255;255;115;111
6627;0;79;62;14;0;591;0.104167;255;255;115;111
6535;0;80;62;14;0;591;0.104167;253;255;116;111
6535;0;80;62;14;0;593;0.104167;255;255;115;111
6431;0;79;62;14;0;599;0.104167;247;255;115;111
6431;0;79;62;14;0;599;0.104167;255;254;116;111
6322;0;84;62;14;0;604;0.104583;255;255;115;111
6179;0;79;62;14;0;609;0.104583;255;255;116;111
6179;0;79;62;14;0;609;0.104583;255;255;115;111
6029;0;81;62;14;0;609;0.104583;255;255;115;111
6029;0;81;62;14;0;609;0.104583;255;255;115;111
5973;0;79;62;14;0;608;0.105000;255;255;115;111
5973;0;79;62;14;0;608;0.105000;255;255;115;111
5792;0;79;62;14;0;610;0.105000;255;255;115;111
5507;0;80;62;14;0;627;0.105000;255;255;115;111
5507;0;80;62;14;0;627;0.105000;255;255;115;111
5084;0;84;62;14;0;664;0.105000;255;255;115;111
4766;0;84;62;14;0;714;0.104583;255;255;115;111
4766;0;84;62;14;0;714;0.104583;255;255;115;111
4639;0;79;62;14;0;759;0.105000;255;255;115;111
4639;0;80;62;14;0;759;0.105000;255;255;115;111
4431;0;80;62;14;1;786;0.105000;255;255;115;111
4319;0;80;62;14;2;821;0.105000;255;255;115;111
4319;0;80;62;14;2;821;0.105000;255;249;115;111
4507;0;83;62;14;2;840;0.105000;255;255;115;111
4507;0;83;62;14;2;840;0.105000;255;255;115;111
4688;0;80;62;14;5;850;0.105000;255;255;115;111
4879;0;80;62;14;10;890;0.105417;255;255;115;111
4879;0;80;62;14;10;890;0.105417;255;255;115;111
4819;0;80;62;14;16;957;0.105417;255;255;115;111
4870;0;80;62;14;16;957;0.105417;255;255;115;111
4870;0;80;62;14;16;1008;0.105833;255;255;115;111
4642;0;84;62;14;19;1047;0.105833;255;255;115;111
4642;0;84;62;14;19;1047;0.105833;255;255;115;111
5035;0;80;62;14;19;1050;0.105417;255;255;115;111
5035;0;80;62;14;19;1050;0.105417;255;255;115;111
5094;0;82;62;14;20;1047;0.105417;255;255;115;111
5079;0;80;62;14;27;1095;0.105833;255;255;115;111
5079;0;80;62;14;27;1095;0.105833;255;255;115;111
5295;0;83;62;14;31;1145;0.105833;255;255;115;111
5154;0;81;62;14;35;1164;0.105417;255;255;115;111
5154;0;81;62;14;35;1164;0.105417;255;255;115;111
5660;0;81;62;14;46;1251;0.105000;255;255;115;111
5660;0;81;62;14;46;1251;0.105000;255;255;115;111
5754;0;83;62;14;47;1266;0.105417;255;255;115;111
5857;0;81;62;14;49;1288;0.105833;255;255;115;111
5857;0;81;62;14;49;1288;0.105833;255;255;115;111
5838;0;85;62;14;49;1279;0.105833;255;255;115;111
5838;0;85;62;14;49;1279;0.105833;255;255;115;111
5952;0;81;62;14;50;1293;0.105000;255;255;115;111
6216;0;82;62;14;50;1299;0.104583;255;255;115;111
6216;0;82;62;14;50;1299;0.104583;255;255;115;111
6299;0;81;62;14;50;1306;0.104583;255;255;115;111
6299;0;81;62;14;50;1306;0.104583;255;255;115;111
6479;0;85;62;14;39;1271;0.104583;255;255;115;111
6745;0;81;62;14;35;1204;0.104583;255;255;115;111
6745;0;81;62;14;35;1204;0.104583;254;255;115;111
6330;0;80;62;14;0;953;0.105417;255;255;115;111
6330;0;80;62;14;0;953;0.105417;255;255;115;111
5838;0;81;62;14;0;774;0.105417;255;255;115;111
6158;0;79;62;14;0;704;0.104583;255;255;115;111
6158;0;79;62;14;0;704;0.104583;255;255;115;111
6246;0;82;62;14;0;666;0.104167;255;255;115;111
6035;0;79;62;14;0;666;0.104167;255;255;115;111
6035;0;79;62;14;0;645;0.103750;255;255;115;111
5824;0;81;62;14;0;626;0.103750;255;255;115;111
5824;0;81;62;14;0;626;0.103750;255;255;115;111
5672;0;79;62;14;0;624;0.104167;255;255;115;111
5531;0;83;62;14;0;624;0.104167;255;255;115;111
5531;0;83;62;14;0;641;0.104167;255;255;115;111
5340;0;79;62;14;0;661;0.104167;255;255;115;111
5340;0;79;62;14;0;661;0.104167;255;255;115;111
5221;0;79;62;14;0;683;0.104167;255;255;115;111
5221;0;79;62;14;0;683;0.104167;255;255;115;111
5150;0;79;62;14;0;708;0.104583;255;255;115;111
5069;0;79;62;14;0;728;0.104583;255;253;115;111
5069;0;79;62;14;0;728;0.104583;255;255;115;111
5039;0;80;62;14;0;741;0.104583;255;255;115;111
4902;0;79;62;14;0;759;0.105000;255;255;115;111
4902;0;79;62;14;0;759;0.105000;255;255;115;111
4823;0;79;62;14;0;768;0.105000;255;255;115;111
4823;0;79;62;14;1;768;0.105000;255;255;115;111
4991;0;79;62;14;1;782;0.105000;255;255;115;111
4797;0;79;62;14;2;801;0.105000;255;254;115;111
4797;0;79;62;14;2;801;0.104583;255;255;115;111
4719;0;83;62;14;3;822;0.104583;255;255;115;111
4727;0;79;62;14;3;822;0.104583;255;255;115;110
4727;0;79;62;14;3;836;0.104583;255;255;115;111
4739;0;83;62;14;3;842;0.105000;255;255;115;111
4739;0;83;62;14;3;842;0.105000;255;255;115;111
4810;0;79;62;14;3;842;0.105417;255;255;115;111
4719;0;83;62;14;2;834;0.105417;255;255;115;111
4719;0;83;62;14;2;834;0.105417;255;255;113;111
4472;0;79;62;14;2;838;0.105417;255;255;113;110
4472;0;79;62;14;2;838;0.105417;255;255;113;111
4453;0;79;62;14;3;857;0.105417;255;255;113;110
4453;0;79;62;14;3;857;0.105417;249;255;113;110
4688;0;83;62;14;4;867;0.105417;255;255;113;111
4499;0;79;62;14;7;885;0.105417;255;255;115;111
4499;0;79;62;14;7;885;0.105417;255;255;115;111
4582;0;82;62;14;7;909;0.105833;255;255;113;110
4582;0;79;62;14;8;909;0.105833;255;255;113;110
4389;0;79;62;14;8;933;0.105833;254;255;113;111
4427;0;84;62;14;12;962;0.105833;255;255;113;110
4427;0;84;62;14;12;962;0.105833;255;255;113;110
5175;0;79;62;14;17;983;0.105833;255;255;113;110
4749;0;80;62;14;16;983;0.105833;255;255;113;110
4749;0;80;62;14;16;1006;0.105833;255;255;113;111
4487;0;80;62;14;12;999;0.105833;255;255;113;111
4487;0;80;62;14;12;999;0.105833;255;255;113;110
4651;0;79;62;14;12;989;0.105833;255;255;113;110
4446;0;84;62;14;12;973;0.105833;255;255;113;110
4446;0;84;62;14;12;973;0.105833;255;255;113;110
4431;0;80;62;14;14;996;0.105833;255;255;113;110
4431;0;80;62;14;14;996;0.105833;255;255;113;110
4408;0;80;62;14;7;963;0.105833;255;255;113;110
4555;0;79;62;14;17;1001;0.105000;255;255;113;110
4555;0;79;62;14;17;1001;0.105000;255;255;113;110
4298;0;84;62;14;29;1068;0.105833;255;255;113;110
4298;0;84;62;14;29;1068;0.105833;255;255;113;110
4364;0;80;62;14;35;1146;0.105417;255;255;113;110
4574;0;81;62;14;42;1192;0.105000;255;255;113;110
4574;0;81;62;14;42;1192;0.105000;255;255;113;110
4555;0;83;62;14;44;1210;0.105000;255;255;113;110
4846;0;81;62;14;54;1210;0.105000;255;255;113;110
4846;0;81;62;14;54;1236;0.105000;255;255;113;110
4907;0;85;62;14;55;1249;0.104583;255;255;113;110
4907;0;85;62;14;55;1249;0.104583;255;255;113;110
5069;0;81;61;14;57;1267;0.104583;255;255;113;110
5307;0;82;61;14;41;1254;0.104583;255;255;113;110
5307;0;82;61;14;41;1254;0.104583;249;255;113;110
5285;0;80;61;14;23;1125;0.105000;255;255;113;110
5285;0;80;61;14;23;1125;0.105000;255;255;113;110
5590;0;81;61;14;24;1093;0.105417;255;255;113;110
5654;0;81;61;14;16;1024;0.105417;255;255;113;110
5654;0;81;61;14;16;1024;0.105417;252;255;113;110
5554;0;80;61;14;16;989;0.106250;255;255;113;110
5554;0;80;61;14;16;989;0.106250;255;255;113;110
5703;0;84;62;14;14;972;0.106250;255;255;113;110
5461;0;80;61;14;6;885;0.105833;255;255;113;110
5461;0;80;61;14;6;885;0.105833;255;255;113;110
5560;0;81;61;14;13;885;0.105833;255;255;113;110
5560;0;81;61;14;13;885;0.105833;255;255;113;110
6029;0;80;61;14;21;960;0.105000;255;255;113;110
5578;0;83;61;14;23;1027;0.105833;255;255;113;110
5578;0;83;61;14;23;1027;0.105833;255;255;113;110
6021;0;80;61;14;28;1089;0.105833;255;255;113;110
5824;0;81;61;14;22;1089;0.105833;255;255;113;110
5824;0;81;61;14;22;1082;0.105833;255;255;113;110
6043;0;80;61;14;16;1023;0.105833;255;255;113;110
6043;0;80;61;14;16;1023;0.105833;255;255;113;110
5933;0;80;61;14;11;906;0.105833;255;255;113;110
5933;0;80;61;14;15;906;0.105833;255;255;113;110
6071;0;80;61;14;15;892;0.105833;255;255;113;110
6035;0;80;61;14;18;931;0.105417;255;255;113;110
6035;0;80;61;14;18;931;0.105417;255;255;113;110
5987;0;80;61;14;20;973;0.105833;255;255;113;110
6049;0;80;61;14;21;995;0.105833;255;255;113;110
6049;0;80;61;14;21;995;0.105833;255;255;113;110
6194;0;85;61;14;22;1014;0.105833;255;255;113;110
6194;0;85;61;14;22;1014;0.105833;255;255;113;110
6187;0;81;61;14;28;1067;0.105833;255;255;113;110
6627;0;81;61;14;44;1212;0.105833;255;255;113;110
6627;0;81;61;14;44;1212;0.105833;255;255;113;110
6568;0;82;61;14;47;1281;0.105833;253;255;113;110
6568;0;82;61;14;47;1281;0.105833;255;255;113;110
6676;0;82;61;14;47;1295;0.105833;255;255;113;110
6676;0;84;61;14;48;1295;0.105833;252;255;113;110
6825;0;84;61;14;48;1299;0.105417;255;254;113;110
6861;0;82;61;14;52;1330;0.105417;255;255;113;110
7033;0;82;61;14;57;1330;0.105417;255;255;113;110
7033;0;82;61;14;57;1362;0.105000;255;255;113;110
7388;0;83;61;14;60;1362;0.105000;255;255;113;110
7388;0;83;61;14;60;1392;0.105000;255;255;113;110
7817;0;85;61;14;60;1397;0.105417;255;255;113;110
7817;0;82;61;14;59;1397;0.105417;255;255;113;110
7793;0;82;61;14;59;1398;0.105417;255;255;113;110
8049;0;83;61;14;56;1380;0.105417;255;255;113;110
8049;0;83;61;14;56;1380;0.105417;255;255;113;110
8295;0;87;61;14;39;1280;0.105000;255;255;113;110
8295;0;87;61;14;39;1280;0.105000;254;255;113;110
8282;0;81;61;14;35;1098;0.105000;255;255;113;110
8458;0;85;61;14;37;1100;0.105417;255;255;113;110
8458;0;85;61;14;37;1100;0.105417;255;255;113;110
8362;0;81;61;14;24;1017;0.105417;255;255;113;110
8087;0;81;61;14;6;1017;0.105417;255;255;113;110
8087;0;81;61;14;6;729;0.105417;255;255;113;110
8075;0;79;61;14;4;640;0.105417;255;255;113;110
8075;0;79;61;14;4;640;0.105417;255;246;113;110
7713;0;80;61;14;0;573;0.105417;255;255;113;110
7691;0;83;61;14;0;573;0.105417;255;255;113;110
7691;0;83;61;14;0;567;0.105000;255;255;113;110
7388;0;79;61;14;1;572;0.105000;255;255;113;110
7388;0;79;61;14;1;572;0.105000;255;255;113;110
7377;0;79;61;14;0;579;0.105000;255;255;113;110
7264;0;79;61;14;1;580;0.105000;255;255;113;110
7264;0;79;61;14;1;580;0.105000;255;255;113;110
7081;0;81;61;14;1;590;0.105000;255;255;113;110
7081;0;81;61;14;1;590;0.105000;255;255;113;110
6967;0;79;61;14;3;612;0.105000;255;255;113;110
6921;0;79;61;14;3;636;0.105000;255;255;113;110
6921;0;79;61;14;3;636;0.105000;255;255;113;110
6912;0;79;61;14;5;656;0.104583;255;255;113;110
6912;0;79;61;14;5;656;0.104583;255;255;113;110
6719;0;79;61;14;5;682;0.104167;255;255;113;110
6431;0;80;61;14;4;685;0.104583;255;255;113;110
6431;0;80;61;14;4;685;0.104583;255;255;113;110
6352;0;79;61;14;4;682;0.104583;255;255;113;110
6269;0;79;61;14;4;682;0.104583;255;255;113;110
6269;0;79;61;14;4;687;0.105000;255;255;113;110
6194;0;79;61;14;4;689;0.105000;255;255;113;110
6194;0;79;61;14;4;689;0.105000;255;255;113;110
6121;0;83;61;14;6;708;0.105417;255;255;113;110
6121;0;79;61;14;9;708;0.105417;255;255;113;110
6043;0;79;61;14;9;726;0.105417;255;255;113;110
5987;0;80;61;14;11;784;0.105417;255;255;113;110
5987;0;80;61;14;11;784;0.105417;255;255;113;110
5805;0;79;61;14;18;883;0.105417;255;255;113;110
6071;0;80;61;14;24;992;0.105417;255;255;113;110
6071;0;80;61;14;24;992;0.105417;255;255;113;110
5967;0;80;61;14;23;1032;0.105417;255;255;113;110
5967;0;80;61;14;23;1032;0.105417;255;255;113;110
5892;0;80;61;14;22;1029;0.105833;255;255;113;110
5857;0;84;61;14;23;1029;0.105833;255;255;113;110
5857;0;84;61;14;23;1041;0.105833;255;255;113;110
5952;0;80;61;14;27;1082;0.105000;255;255;113;110
5952;0;80;61;14;27;1082;0.105000;255;255;113;110
5851;0;80;61;14;24;1081;0.105000;255;255;113;110
5960;0;82;61;14;15;1020;0.105000;255;255;113;110
5960;0;82;61;14;15;1020;0.105000;255;255;113;110
5602;0;80;61;14;13;897;0.105000;255;255;113;110
5946;0;82;61;14;23;897;0.105000;255;255;113;110
5946;0;82;61;14;23;1012;0.105417;255;255;113;110
5773;0;80;61;14;22;1038;0.105417;255;255;113;110
5773;0;80;61;14;22;1038;0.105417;255;255;113;110
5779;0;82;61;14;18;1029;0.105417;255;255;113;110
5779;0;80;61;14;10;1029;0.105417;255;255;113;110
5779;0;80;61;14;10;924;0.105417;255;255;113;110
5805;0;81;61;14;10;879;0.105417;255;255;113;110
5805;0;81;61;14;10;879;0.105417;255;255;113;110
5741;0;79;61;14;7;817;0.105833;255;255;113;110
5811;0;83;61;14;9;804;0.105833;246;255;113;110
5811;0;83;61;14;9;804;0.105833;255;255;113;110
5831;0;79;61;14;9;808;0.105833;255;255;113;110
5831;0;79;61;14;9;808;0.105833;255;255;113;110
5838;0;79;61;14;10;815;0.105833;255;255;113;110
5952;0;83;61;14;11;827;0.105833;255;255;113;110
5952;0;83;61;14;11;827;0.105833;255;255;113;110
5912;0;79;61;14;7;813;0.105833;255;255;111;110
5912;0;79;61;14;7;813;0.105833;255;255;111;110
5773;0;79;61;14;0;732;0.105833;255;255;111;110
5672;0;79;61;14;1;681;0.105833;255;255;113;110
5672;0;79;61;14;1;681;0.105833;255;255;113;110
5275;0;80;61;14;0;676;0.105417;255;255;113;110
5275;0;80;61;14;0;676;0.105417;255;255;113;110
5525;0;79;61;14;5;715;0.105000;255;255;113;110
5844;0;79;61;14;7;747;0.105000;255;255;113;110
5844;0;79;61;14;7;747;0.105000;255;255;113;110
6035;0;84;61;14;8;756;0.105417;255;255;111;110
5496;0;79;61;14;10;756;0.105417;255;255;113;110
5496;0;79;61;14;10;807;0.105417;255;255;113;110
5722;0;83;61;14;7;818;0.105417;255;255;113;110
5722;0;83;61;14;7;818;0.105833;255;255;113;110
5554;0;79;61;14;0;742;0.105833;255;255;111;110
5554;0;83;61;14;10;742;0.105833;255;255;113;110
5614;0;83;61;14;10;751;0.105833;255;255;113;110
5805;0;79;61;14;18;867;0.105417;255;255;113;110
5805;0;79;61;14;18;867;0.105417;255;255;113;110
5892;0;81;61;14;21;967;0.105833;255;255;113;110
5892;0;80;61;14;21;967;0.105833;255;255;113;110
5798;0;80;61;14;22;1020;0.105833;255;255;111;110
5952;0;80;61;14;24;1049;0.105833;255;255;111;110
5952;0;80;61;14;24;1049;0.105833;255;255;113;110
5987;0;81;61;14;24;1053;0.105833;255;255;113;110
5987;0;80;61;14;13;1053;0.105833;255;255;111;110
6029;0;80;61;14;13;996;0.105833;255;255;111;110
5642;0;79;61;14;0;792;0.105417;255;255;111;110
5642;0;79;61;14;0;792;0.105417;255;255;111;110
5405;0;79;61;14;0;719;0.105417;255;255;113;110
5405;0;79;61;14;0;719;0.105417;255;255;111;110
5478;0;79;61;14;0;705;0.105000;255;255;111;110
5035;0;79;61;14;0;700;0.104583;255;254;111;110
5035;0;79;61;14;0;700;0.104583;255;255;111;110
5059;0;82;61;14;0;714;0.104167;255;255;113;110
4735;0;81;61;14;1;714;0.104167;255;255;113;110
4735;0;81;61;14;1;747;0.104167;255;255;111;110
4879;0;79;61;14;13;863;0.104583;255;255;111;110
4879;0;84;61;14;28;863;0.104583;253;255;113;110
5531;0;84;61;14;28;1046;0.104583;255;255;113;110
5190;0;80;61;14;28;1111;0.105417;255;255;111;110
5190;0;80;61;14;28;1111;0.105417;255;255;111;110
5039;0;80;61;14;27;1125;0.105417;255;255;111;110
5243;0;80;61;14;27;1125;0.105417;255;255;113;110
5243;0;80;61;14;27;1128;0.105417;255;255;113;110
5340;0;80;61;14;23;1107;0.105000;255;255;113;110
5340;0;80;61;14;23;1107;0.105000;255;255;113;110
5647;0;80;61;14;25;1087;0.105417;255;255;111;110
5647;0;80;61;14;25;1087;0.105417;255;255;111;110
5747;0;80;61;14;24;1084;0.105417;255;255;111;110
5779;0;81;61;14;20;1053;0.105417;255;255;113;110
5779;0;81;61;14;20;1053;0.105417;255;255;111;110
5831;0;80;61;14;12;988;0.105833;255;255;111;110
5513;0;82;61;14;4;852;0.105833;255;255;111;110
5513;0;82;61;14;4;852;0.105833;255;255;111;110
5275;0;79;61;14;3;801;0.105833;255;255;111;110
5275;0;79;61;14;3;801;0.105833;255;255;111;110
5560;0;83;61;14;8;788;0.105000;255;255;113;110
5973;0;80;61;14;17;897;0.105000;255;255;111;110
5973;0;80;61;14;17;897;0.104583;255;255;111;110
5844;0;84;61;14;27;1020;0.105000;255;255;111;110
5844;0;81;61;14;27;1020;0.105000;255;255;111;110
5747;0;81;61;14;23;1075;0.105833;255;255;111;110
5857;0;80;61;14;23;1056;0.105833;255;255;111;110
5857;0;80;61;14;23;1056;0.105833;255;255;113;110
5773;0;80;61;14;7;939;0.105833;255;255;113;110
5760;0;79;61;14;5;939;0.105833;243;255;111;110
5760;0;79;61;14;5;837;0.105833;255;255;111;110
5728;0;79;61;14;2;749;0.105833;255;255;111;110
5728;0;79;61;14;2;749;0.105833;255;255;111;110
5334;0;79;61;14;1;709;0.105417;255;255;111;110
5590;0;79;61;14;1;709;0.105417;255;255;111;110
5531;0;79;61;14;1;705;0.105417;255;255;111;110
5590;0;79;61;14;3;686;0.104583;255;255;111;110
5590;0;79;61;14;3;686;0.104583;255;255;111;110
5502;0;79;61;14;9;735;0.104583;255;255;113;110
5502;0;84;61;14;14;735;0.104583;255;255;113;110
5635;0;84;61;14;14;857;0.104583;255;255;111;110
6194;0;80;61;14;15;893;0.105000;255;255;111;110
6194;0;80;61;14;15;893;0.105000;255;255;111;110
5596;0;81;61;14;15;911;0.105417;255;255;111;110
5684;0;80;61;14;17;944;0.105833;255;255;111;110
5684;0;80;61;14;17;944;0.105833;255;255;111;110
5773;0;81;61;14;13;959;0.105833;252;255;111;110
5773;0;81;61;14;13;959;0.105833;255;255;113;110
5747;0;79;61;14;8;865;0.105833;255;255;113;110
5584;0;79;61;14;10;837;0.105833;255;255;111;110
5584;0;79;61;14;10;837;0.105833;255;255;111;110
5754;0;79;61;14;18;901;0.105833;255;255;111;110
5754;0;79;61;14;18;901;0.105833;255;255;111;110
5864;0;80;61;14;24;1011;0.105833;255;255;111;110
5467;0;84;61;14;7;939;0.105833;255;255;111;110
5467;0;84;61;14;7;939;0.105833;255;255;111;110
5666;0;79;61;14;8;880;0.105833;255;255;111;110
5666;0;79;61;14;8;880;0.105833;255;255;111;110
5838;0;83;61;14;9;837;0.105417;255;255;111;110
5502;0;79;61;14;6;807;0.105833;255;255;111;110
5502;0;79;61;14;6;807;0.105833;254;255;111;110
5647;0;84;61;14;7;798;0.105833;255;255;113;110
5660;0;80;61;14;7;798;0.105833;255;255;111;110
5660;0;80;61;14;7;795;0.105833;255;255;111;110
5275;0;79;61;14;1;747;0.105833;255;255;111;110
5275;0;79;61;14;1;747;0.105833;255;255;111;110
4837;0;81;61;14;0;747;0.105417;255;255;111;110
5015;0;79;60;14;2;774;0.105417;255;255;111;110
5015;0;79;60;14;2;774;0.105000;255;255;111;110
4916;0;82;60;14;6;813;0.104583;255;255;113;110
4916;0;82;60;14;6;813;0.104583;255;255;113;110
5312;0;80;60;14;21;945;0.104583;255;255;111;110
5291;0;83;60;14;29;1080;0.105417;255;255;111;110
5291;0;83;60;14;29;1080;0.105417;255;255;111;110
5393;0;80;60;14;27;1116;0.105417;255;255;111;110
5393;0;80;60;14;27;1116;0.105417;255;255;111;110
5221;0;80;60;14;31;1146;0.105417;255;255;111;110
5792;0;81;60;14;29;1143;0.105000;255;254;111;110
5792;0;81;60;14;29;1143;0.105000;255;255;111;110
5703;0;80;60;14;23;1074;0.105417;255;255;113;110
5703;0;80;60;14;23;1074;0.105417;255;255;111;110
5933;0;85;60;14;25;1083;0.105833;255;255;111;110
5933;0;81;60;14;25;1083;0.105833;255;255;111;110
6099;0;81;60;14;25;1082;0.105833;255;255;111;110
6008;0;85;60;14;26;1079;0.105833;255;255;111;110
6008;0;85;60;14;26;1079;0.105833;255;255;111;110
6216;0;85;60;14;28;1097;0.105417;255;255;111;110
6172;0;81;60;14;25;1108;0.105000;255;255;111;110
6172;0;81;60;14;25;1108;0.105000;255;255;113;111
6246;0;83;60;14;22;1052;0.105833;255;255;113;111
6246;0;85;60;14;25;1052;0.105833;255;255;111;111
6352;0;85;60;14;25;1072;0.106250;255;255;113;111
6438;0;85;60;14;24;1090;0.106250;255;255;111;110
6438;0;85;60;14;24;1090;0.106250;255;255;111;111
6071;0;81;60;14;3;916;0.106250;255;255;111;111
6071;0;81;60;14;3;916;0.106250;255;255;111;111
5647;0;83;60;14;1;774;0.105833;255;255;111;110
5754;0;79;60;14;1;719;0.105000;255;255;111;111
5754;0;79;60;14;1;719;0.105000;255;255;111;111
5754;0;80;60;14;4;676;0.104583;255;255;111;111
5647;0;79;60;14;8;717;0.104583;255;255;113;111
5647;0;79;60;14;8;717;0.104167;255;255;113;111
5635;0;84;60;14;13;809;0.104167;255;255;111;111
5635;0;84;60;14;13;809;0.104167;255;255;111;111
6150;0;80;60;14;20;929;0.104583;255;255;111;111
5461;0;80;60;14;20;985;0.105417;255;255;111;111
5461;0;80;60;14;20;985;0.105417;255;255;111;111
6035;0;81;60;14;21;1009;0.105833;255;255;111;111
6035;0;81;60;14;21;1009;0.105833;255;255;111;111
5994;0;81;60;14;21;1008;0.106250;255;253;111;111
5987;0;80;60;14;19;996;0.105833;254;255;113;111
5987;0;80;60;14;19;996;0.105833;255;255;111;111
6057;0;80;60;14;19;994;0.105833;255;255;111;111
6057;0;85;60;14;19;994;0.105833;254;255;111;111
6099;0;85;60;14;19;993;0.105833;255;255;111;111
6261;0;81;60;14;24;1020;0.106250;255;247;113;111
6261;0;81;60;14;24;1020;0.106250;255;255;111;111
6291;0;81;60;14;30;1098;0.106250;255;255;111;111
6291;0;81;60;14;30;1098;0.106250;255;255;111;111
6431;0;83;60;14;41;1219;0.106250;255;255;111;111
6423;0;82;60;14;44;1260;0.106250;255;255;113;111
6423;0;82;60;14;44;1260;0.106250;255;255;111;111
6535;0;82;60;14;52;1327;0.106250;255;255;111;111
6728;0;83;60;14;71;1519;0.106250;255;255;111;111
6728;0;83;60;14;71;1385;0.106250;255;255;111;111
7033;0;83;60;14;114;1469;0.106250;255;255;113;111
7033;0;83;60;14;114;1469;0.106250;255;255;111;111
7284;0;84;60;14;119;1515;0.105833;255;255;111;111
7575;0;84;60;14;119;1510;0.105833;255;255;111;111
7575;0;84;60;14;119;1510;0.106250;255;255;113;111
7976;0;85;60;14;119;1558;0.105833;255;255;113;111
7976;0;85;60;14;119;1558;0.105833;255;255;113;111
8375;0;84;60;14;119;1593;0.105833;255;255;113;111
8375;0;84;60;14;120;1593;0.105833;255;255;113;111
8816;0;84;60;14;120;1630;0.105417;255;255;111;111
9093;0;84;60;14;115;1628;0.105000;255;255;113;111
9093;0;84;60;14;115;1628;0.105000;255;255;111;111
9336;0;84;60;14;23;1249;0.105000;255;255;111;111
8742;0;81;60;14;2;752;0.105000;255;255;111;111
8742;0;81;60;14;2;752;0.105000;255;255;111;111
8204;0;83;60;14;0;543;0.105417;255;255;111;111
8204;0;83;60;14;0;543;0.105417;255;255;113;111
8138;0;79;60;14;0;525;0.104583;255;255;111;111
7782;0;83;60;14;0;525;0.104167;255;255;111;111
7782;0;83;60;14;0;525;0.104167;255;255;111;111
7254;0;79;60;14;0;545;0.104583;255;255;111;111
7254;0;79;60;14;0;545;0.104583;255;255;111;111
6995;0;79;60;14;0;559;0.105000;255;255;111;111
6921;0;79;60;14;0;573;0.105000;255;255;111;111
6921;0;79;60;14;0;573;0.105000;255;255;111;111
6949;0;79;60;14;0;582;0.105000;255;255;113;111
7183;0;82;60;14;0;582;0.105000;255;255;113;111
7183;0;82;60;14;0;585;0.105000;255;255;113;111
7005;0;83;60;14;0;583;0.104583;255;255;113;111
7005;0;83;60;14;0;583;0.104583;255;255;111;111
6843;0;79;60;14;0;588;0.104583;255;255;111;111
6543;0;79;60;14;0;588;0.104583;255;255;111;111
6543;0;79;60;14;0;588;0.104583;255;255;111;111
6438;0;79;60;14;0;595;0.104583;255;255;111;111
6438;0;79;60;14;0;595;0.104583;255;255;111;111
6113;0;80;60;14;0;600;0.104583;255;255;111;111
6113;0;80;60;14;0;600;0.104583;255;255;113;111
5722;0;80;60;14;0;600;0.104583;255;255;113;111
5279;0;79;60;14;0;625;0.104583;255;255;113;111
5279;0;79;60;14;0;625;0.104583;255;255;111;111
4929;0;79;60;14;0;684;0.104583;255;255;111;111
4702;0;80;60;14;0;732;0.105000;254;255;111;111
4702;0;80;60;14;0;732;0.105000;255;255;111;111
5190;0;80;60;14;0;756;0.105000;255;255;111;111
5190;0;80;60;14;0;756;0.105000;255;255;111;111
5334;0;80;60;14;0;735;0.105000;254;255;111;111
5307;0;79;60;14;0;711;0.105417;255;255;113;111
5307;0;79;60;14;0;711;0.105417;255;255;111;111
5180;0;80;60;14;0;711;0.105000;255;255;111;111
5180;0;80;60;14;0;711;0.105000;255;255;111;111
5139;0;84;60;14;0;717;0.105417;255;255;111;111
5015;0;79;60;14;1;726;0.105000;255;255;111;111
5015;0;79;60;14;1;726;0.105000;255;255;111;111
5291;0;80;60;14;16;876;0.105000;255;255;111;111
5291;0;80;60;14;16;876;0.105000;255;255;111;111
5584;0;81;60;14;22;963;0.105417;255;255;111;111
5243;0;83;60;14;24;1071;0.105417;255;255;113;111
5243;0;83;60;14;24;1071;0.105417;255;255;111;111
5416;0;80;60;14;13;1049;0.105833;255;255;111;111
5039;0;80;60;14;0;876;0.105833;255;253;111;111
5039;0;80;60;14;0;876;0.105833;255;255;111;111
4846;0;83;60;14;0;816;0.105833;255;255;111;111
4846;0;83;60;14;0;816;0.105833;255;255;111;111
5089;0;80;60;14;0;794;0.105000;255;255;111;111
5175;0;80;60;14;0;794;0.105000;255;255;111;111
5175;0;80;60;14;0;753;0.105000;254;255;111;111
5030;0;80;60;14;3;753;0.104583;254;255;113;111
5030;0;80;60;14;3;753;0.104583;255;255;111;111
5185;0;80;60;14;11;849;0.104583;255;255;111;111
5779;0;84;60;14;12;849;0.104583;255;253;113;111
5779;0;84;60;14;12;889;0.104583;255;255;111;111
4814;0;83;60;14;15;926;0.105833;255;255;111;111
4814;0;83;60;14;15;926;0.105833;255;255;111;111
5496;0;85;60;14;25;1045;0.105833;255;255;111;111
5444;0;81;60;14;25;1089;0.105833;255;255;111;111
5444;0;81;60;14;25;1089;0.105833;255;255;111;111
5602;0;81;60;14;25;1091;0.105833;255;255;111;111
5602;0;81;60;14;25;1091;0.105833;255;255;111;111
5697;0;81;60;14;26;1095;0.105833;255;255;111;111
5722;0;81;60;14;26;1098;0.105417;255;255;111;111
5722;0;81;60;14;26;1098;0.105417;255;255;111;111
5818;0;85;60;14;21;1084;0.105000;255;255;111;111
5818;0;85;60;14;21;1084;0.105000;255;255;113;111
5831;0;81;60;14;12;996;0.105000;255;255;111;111
5779;0;81;60;14;8;899;0.105417;255;255;111;111
5779;0;81;60;14;8;899;0.105417;255;255;111;111
5666;0;84;60;14;5;816;0.105417;255;255;111;111
5635;0;84;60;14;5;816;0.105417;255;255;111;111
5635;0;84;60;14;5;781;0.105417;255;255;111;111
5531;0;80;60;14;9;801;0.105417;254;255;111;111
5531;0;80;60;14;9;801;0.105417;255;255;111;111
5987;0;82;60;14;21;890;0.105417;255;255;111;111
5987;0;81;60;14;23;890;0.105417;255;255;111;111
5760;0;81;60;14;23;1002;0.105417;255;255;111;111
5967;0;81;60;14;22;1029;0.105833;255;255;111;111
5967;0;81;60;14;22;1029;0.105833;255;255;111;111
6099;0;81;60;14;20;1017;0.105833;255;255;111;111
5973;0;83;60;14;12;929;0.105833;255;255;111;111
5973;0;83;60;14;12;929;0.105833;255;255;111;111
6015;0;84;60;14;12;888;0.105833;255;255;111;111
6015;0;84;60;14;12;888;0.105833;255;255;111;111
6043;0;80;60;14;13;879;0.105833;255;255;111;111
6071;0;80;60;14;20;897;0.105833;255;255;111;111
6071;0;80;60;14;20;897;0.105833;255;255;111;111
6172;0;81;60;14;26;1016;0.105833;255;255;111;111
6172;0;81;60;14;26;1016;0.105833;255;255;111;111
6276;0;82;60;14;32;1128;0.105833;255;255;111;111
6246;0;81;60;14;32;1148;0.105833;255;255;111;111
6246;0;81;60;14;32;1148;0.105833;255;255;111;111
6431;0;81;60;14;22;1119;0.105417;255;255;111;111
6431;0;81;60;14;9;1119;0.105417;255;255;111;111
5905;0;81;60;14;12;948;0.105417;255;255;111;111
6029;0;84;60;14;16;946;0.105833;255;255;111;111
6029;0;84;60;14;16;946;0.105833;255;255;111;111
6113;0;85;60;14;16;943;0.105833;255;255;111;111
6057;0;80;60;14;9;892;0.105833;255;253;111;111
6057;0;80;60;14;9;892;0.105833;255;255;111;111
5857;0;80;60;14;8;827;0.105833;255;255;111;111
5857;0;80;60;14;8;827;0.105833;255;255;111;111
5684;0;80;60;14;9;810;0.105833;255;255;111;111
5710;0;80;60;14;9;810;0.105833;255;255;111;111
5710;0;80;60;14;9;822;0.105417;255;255;111;111
5722;0;83;60;14;5;810;0.105833;255;255;111;111
5722;0;83;60;14;5;810;0.105833;255;255;111;111
5433;0;80;60;14;0;738;0.105833;255;255;111;111
5200;0;80;60;14;3;738;0.105833;255;255;111;111
5200;0;80;60;14;3;726;0.105833;255;255;111;111
5291;0;80;60;14;4;766;0.105000;255;249;111;111
5291;0;80;60;14;4;766;0.105000;255;255;111;111
5566;0;84;60;14;5;769;0.105000;255;255;111;111
5566;0;80;60;14;7;772;0.105000;255;255;111;111
5566;0;80;60;14;7;772;0.105000;255;255;111;111
5554;0;82;60;14;14;850;0.105417;255;255;111;111
5554;0;82;60;14;14;850;0.105417;254;255;111;111
5295;0;80;60;14;14;938;0.105833;255;255;111;111
5356;0;80;60;14;15;954;0.105833;255;255;111;111
5356;0;80;60;14;15;954;0.105833;255;255;111;111
5450;0;80;60;14;15;961;0.105417;255;255;111;111
5450;0;80;60;14;15;961;0.105417;255;255;111;111
5496;0;80;60;14;21;995;0.105417;255;255;111;111
5496;0;81;60;14;25;1057;0.105417;255;255;111;111
5496;0;81;60;14;25;1057;0.105417;255;255;111;111
5754;0;81;60;14;25;1081;0.105833;255;255;111;111
5728;0;83;60;14;16;1081;0.105833;255;255;111;111
5728;0;83;60;14;16;1050;0.105833;255;255;111;111
5735;0;80;60;14;11;924;0.105833;255;255;111;111
5735;0;80;60;14;11;924;0.105833;255;255;111;111
5967;0;82;60;14;10;876;0.105833;255;255;111;111
5967;0;82;60;14;10;876;0.105833;255;255;111;111
5805;0;80;60;14;7;823;0.105833;255;255;111;111
5838;0;84;60;14;7;790;0.105833;255;255;111;111
5838;0;84;60;14;7;790;0.105833;255;255;111;111
5786;0;80;60;14;7;769;0.105833;255;255;111;111
5679;0;80;60;14;7;769;0.105833;255;255;111;111
5679;0;80;60;14;7;780;0.105833;255;255;111;111
5703;0;80;60;14;8;786;0.105417;255;255;111;111
5703;0;80;60;14;8;786;0.105417;255;255;111;111
5691;0;80;60;14;17;843;0.105833;255;255;111;111
5818;0;81;60;14;24;993;0.105833;255;255;111;111
5818;0;81;60;14;24;993;0.105833;255;255;111;111
5697;0;82;60;14;44;1164;0.105833;255;255;111;111
5697;0;82;60;14;44;1164;0.105833;255;255;111;111
6144;0;83;60;14;73;1342;0.105833;255;255;111;111
6407;0;83;60;14;106;1416;0.105833;255;255;111;111
6407;0;83;60;14;106;1416;0.105833;255;255;111;111
6668;0;84;60;14;118;1440;0.105833;255;255;111;111
6668;0;83;60;14;119;1440;0.105833;255;255;111;111
6995;0;83;60;14;119;1456;0.106250;255;255;111;111
6870;0;83;60;14;119;1481;0.106250;255;255;111;111
6870;0;83;60;14;119;1481;0.106250;255;255;111;111
7477;0;87;60;14;119;1503;0.105833;255;255;111;111
7477;0;87;60;14;119;1503;0.105833;255;255;111;111
7608;0;83;60;14;119;1521;0.105417;255;255;111;111
7951;0;88;60;14;119;1562;0.105417;254;255;111;111
7951;0;88;60;14;119;1562;0.105417;255;255;111;111
8087;0;83;60;14;120;1568;0.105000;242;255;111;111
8389;0;84;60;14;120;1568;0.105000;255;255;111;111
8389;0;84;60;14;120;1598;0.104583;255;255;111;111
8713;0;84;60;14;120;1628;0.104583;255;255;111;111
8713;0;84;60;14;120;1628;0.104583;255;255;111;111
9173;0;84;60;14;120;1632;0.104583;248;255;111;111
9487;0;90;60;14;120;1632;0.104583;255;255;111;111
9487;0;90;60;14;120;1614;0.104583;255;255;111;111
9768;0;85;60;14;120;1595;0.104583;255;255;111;111
9768;0;85;60;14;120;1595;0.104583;255;255;111;111
10204;0;87;60;14;110;1558;0.104583;255;255;111;111
9353;0;82;60;14;0;951;0.104583;255;255;111;111
9353;0;82;60;14;0;951;0.104583;255;255;111;111
9061;0;82;60;14;0;549;0.105000;255;255;111;111
9061;0;82;60;14;0;549;0.105000;254;255;111;111
8999;0;84;60;14;0;441;0.104583;255;255;111;111
8713;0;83;60;14;0;439;0.105000;255;255;111;111
8713;0;83;60;14;0;439;0.105000;255;255;111;111
8389;0;81;60;14;0;457;0.104583;255;255;111;111
8389;0;81;60;14;0;457;0.104583;255;255;111;111
7976;0;79;60;14;0;491;0.104583;255;255;111;111
7542;0;83;60;14;0;525;0.104583;255;255;111;111
7542;0;83;60;14;0;525;0.104583;255;255;111;111
7214;0;79;60;14;0;549;0.105000;255;254;111;111
6986;0;79;60;14;0;549;0.105000;255;255;111;111
6986;0;79;60;14;0;564;0.105000;255;255;111;111
6807;0;79;60;14;0;574;0.104583;254;255;111;111
6807;0;79;60;14;0;574;0.104583;255;255;111;111
6693;0;79;60;14;0;582;0.104583;255;255;111;111
6585;0;79;60;14;0;588;0.104583;255;255;111;111
6585;0;79;60;14;0;588;0.104583;255;255;111;111
6511;0;79;60;14;0;590;0.104167;255;255;111;111
6511;0;79;60;14;0;590;0.104167;255;253;111;111
6438;0;84;60;14;0;595;0.104167;255;255;111;111
6438;0;79;60;14;0;595;0.104167;255;255;111;111
6314;0;79;60;14;0;604;0.104167;255;255;111;111
6216;0;81;60;14;0;607;0.104583;255;255;111;111
6216;0;81;60;14;0;607;0.104583;255;255;111;111
6057;0;79;60;14;1;611;0.104583;253;255;111;111
5967;0;80;60;14;2;625;0.105000;255;255;111;111
5967;0;80;60;14;2;625;0.105000;255;255;111;111
5933;0;80;60;14;3;633;0.105000;255;255;111;111
5933;0;80;60;14;3;633;0.105000;255;255;111;111
5892;0;83;60;14;3;652;0.105000;255;255;111;111
4211;0;79;60;14;2;690;0.105000;255;255;111;111
4211;0;79;60;14;2;690;0.105417;255;255;111;111
3923;0;79;60;14;0;768;0.105417;255;255;111;111
3923;0;81;60;14;1;768;0.105417;255;255;111;111
3711;0;81;60;14;1;819;0.105000;255;255;111;111
3025;0;80;60;14;50;1122;0.105417;255;251;111;111
3025;0;80;60;14;50;1122;0.105417;255;255;111;111
3041;0;80;60;14;78;1170;0.105000;255;255;111;111
3041;0;80;60;14;78;1170;0.105000;255;254;111;111
3516;0;84;60;14;97;1194;0.104583;255;255;111;111
4266;0;81;60;14;117;1248;0.105000;255;255;111;111
4266;0;81;60;14;117;1248;0.105000;255;255;111;111
3198;0;80;60;14;97;1182;0.105417;255;255;111;111
2975;0;80;60;14;10;1125;0.105417;255;255;111;111
2975;0;80;60;14;10;1125;0.105000;255;255;111;111
1991;0;82;60;14;0;1064;0.106250;255;255;111;111
1991;0;82;60;14;0;1064;0.106250;255;255;111;111
1377;0;81;60;14;16;1094;0.106250;255;255;111;111
1039;0;80;60;14;32;1096;0.106250;255;255;111;111
1039;0;80;60;14;32;1096;0.106250;255;255;111;111
1858;0;83;60;14;46;1125;0.106250;255;255;111;111
1858;0;83;60;14;46;1125;0.106250;255;255;111;111
2241;0;79;60;14;21;1127;0.105833;255;255;111;111
2673;0;83;60;14;14;1110;0.105833;255;255;111;111
2673;0;83;60;14;14;1110;0.105833;255;255;111;111
3268;0;80;60;14;0;1043;0.106250;255;255;111;111
3268;0;80;60;14;0;1043;0.106250;255;255;111;111
4270;0;81;60;14;5;956;0.106250;255;255;111;111
5805;0;80;60;14;23;975;0.105833;252;255;111;111
5805;0;80;60;14;23;975;0.105833;255;255;111;111
6807;0;86;60;14;21;1032;0.105833;255;255;111;111
6807;0;81;60;14;21;1032;0.105833;255;255;111;111
7564;0;81;60;14;22;991;0.105833;255;255;111;111
8112;0;81;60;14;20;920;0.105833;255;255;111;111
8112;0;81;60;14;20;920;0.105833;255;255;111;111
8757;0;81;60;14;13;742;0.105833;255;255;111;111
8757;0;81;60;14;13;742;0.105833;255;255;110;111
9189;0;80;60;14;7;622;0.105833;255;255;111;111
9286;0;79;60;14;21;610;0.105833;255;255;111;111
9286;0;79;60;14;21;610;0.105833;255;255;111;111
9768;0;81;60;14;48;929;0.104583;255;255;111;111
9768;0;81;60;14;48;929;0.104583;255;255;111;111
11743;0;85;60;14;47;1047;0.104167;255;255;111;111
11345;0;81;60;14;19;684;0.105417;255;255;111;111
11345;0;81;60;14;19;684;0.105417;255;255;110;111
10673;0;80;60;14;6;512;0.105417;255;255;110;111
9319;0;79;60;14;8;512;0.105417;255;255;110;111
9319;0;79;60;14;8;461;0.104583;255;255;110;111
7771;0;83;60;14;11;573;0.104167;255;255;110;111
7771;0;83;60;14;11;573;0.104167;255;255;110;111
6423;0;84;60;14;11;702;0.104167;255;255;110;111
5811;0;80;60;14;11;785;0.104167;255;255;110;111
5811;0;80;60;14;11;785;0.104167;255;255;111;111
5328;0;80;60;14;9;834;0.104167;255;255;110;111
5328;0;80;60;14;9;834;0.104167;255;255;111;111
4492;0;80;60;14;8;882;0.105000;255;255;110;111
4030;0;84;60;14;7;921;0.105417;255;255;110;111
4030;0;84;60;14;7;921;0.105417;255;255;110;111
3683;0;80;60;14;7;948;0.105833;255;255;110;111
3683;0;80;60;14;7;948;0.105833;255;255;110;111
3788;0;79;60;14;3;948;0.105833;255;255;110;111
3974;0;79;60;14;0;903;0.105417;255;255;110;111
3974;0;79;60;14;0;903;0.105417;255;255;110;111
3900;0;79;60;14;0;884;0.105417;255;255;111;111
3900;0;79;60;14;0;884;0.105417;255;255;111;111
4016;0;82;60;14;0;867;0.105417;255;255;111;111
4039;0;79;60;14;0;854;0.105417;255;255;110;111
4039;0;79;60;14;0;854;0.105417;255;255;110;111
4023;0;81;60;14;0;855;0.105417;255;255;111;111
4023;0;79;60;14;0;855;0.105417;255;255;111;111
3937;0;79;60;14;0;853;0.105417;255;255;111;111
4121;0;82;60;14;0;858;0.105417;255;254;111;111
4121;0;82;60;14;0;858;0.105417;255;255;111;111
4514;0;79;60;14;0;841;0.105417;255;255;111;111
4419;0;79;60;14;0;825;0.105417;255;255;111;111
4419;0;79;60;14;0;825;0.105417;255;255;111;111
4308;0;84;60;14;0;825;0.105417;255;255;111;111
4308;0;84;60;14;0;825;0.105417;255;255;111;111
4167;0;79;60;14;0;831;0.105417;255;255;111;111
4249;0;79;60;14;0;831;0.105417;255;255;111;111
4249;0;79;60;14;0;833;0.105417;255;255;111;111
4241;0;79;60;14;0;832;0.105417;255;255;111;111
4241;0;79;60;14;0;832;0.105417;255;255;111;111
4160;0;84;60;14;0;836;0.105833;255;255;111;111
4118;0;79;60;14;0;841;0.105417;255;255;111;113
4118;0;79;60;14;0;841;0.105417;255;255;111;111
4334;0;82;60;14;0;837;0.105417;255;255;111;111
4334;0;82;60;14;0;837;0.105417;255;255;111;111
4235;0;79;60;14;6;853;0.105417;255;255;111;111
4235;0;80;60;14;6;853;0.105417;255;255;111;111
4727;0;80;60;14;6;907;0.105417;255;255;111;111
4991;0;83;60;14;6;894;0.105833;255;255;111;111
4991;0;83;60;14;6;894;0.105833;255;255;111;111
5747;0;79;60;14;3;837;0.105833;255;255;111;111
5818;0;80;60;14;0;726;0.105833;255;255;111;111
5818;0;80;60;14;0;726;0.105833;255;255;111;113
5679;0;79;60;14;0;675;0.105417;255;255;111;111
5679;0;79;60;14;0;675;0.105417;255;255;111;111
5124;0;84;60;14;0;675;0.105000;255;255;111;111
4582;0;79;60;14;0;724;0.104583;255;255;111;111
4582;0;79;60;14;0;724;0.104583;255;255;111;111
4404;0;79;60;14;0;768;0.104167;255;255;111;111
4404;0;79;60;14;0;768;0.104167;255;255;111;111
4305;0;83;60;14;3;805;0.104583;255;255;111;111
4302;0;79;60;14;6;852;0.104583;255;255;111;113
4302;0;79;60;14;6;852;0.104583;255;255;111;113
4642;0;80;60;14;8;908;0.105417;255;255;111;111
5175;0;80;60;14;9;908;0.105417;254;255;111;113
5175;0;80;60;14;9;918;0.105417;255;255;111;113
6187;0;80;60;14;12;897;0.105833;254;251;111;113
6187;0;80;60;14;12;897;0.105833;255;255;111;113
6495;0;80;60;14;12;878;0.105833;255;255;111;113
6710;0;80;60;14;12;878;0.105833;255;249;111;113
6710;0;80;60;14;12;864;0.105417;255;255;111;113
6959;0;80;60;14;12;852;0.105417;255;255;111;113
6959;0;80;60;14;12;852;0.105417;255;255;111;113
7110;0;81;60;14;12;843;0.105833;255;255;111;111
7101;0;81;60;14;12;834;0.105833;255;255;111;113
7101;0;81;60;14;12;834;0.105417;255;255;111;113
6503;0;80;60;14;12;841;0.105417;255;255;111;113
6503;0;80;60;14;12;841;0.105417;255;255;111;113
5926;0;80;60;14;10;826;0.105417;255;255;111;113
5642;0;80;60;14;10;823;0.105417;255;255;111;113
5642;0;80;60;14;10;823;0.105417;255;255;111;113
5340;0;83;60;14;10;856;0.105833;255;255;111;113
5340;0;83;60;14;10;856;0.105833;255;255;111;111
5216;0;80;60;14;5;865;0.105417;255;255;111;113
4693;0;80;60;14;0;817;0.105833;255;255;111;113
4693;0;80;60;14;0;817;0.105833;255;255;111;113
3983;0;80;60;14;0;823;0.105833;255;255;111;113
3983;0;80;60;14;0;823;0.105833;255;255;111;113
3443;0;80;60;14;0;859;0.105417;255;255;111;113
3494;0;82;60;14;0;897;0.105417;255;255;111;113
3494;0;82;60;14;0;897;0.105417;255;255;111;113
3782;0;80;60;14;5;916;0.105417;255;255;111;113
3782;0;80;60;14;5;916;0.105417;255;255;111;113
3983;0;84;60;14;6;936;0.105417;255;255;113;113
4187;0;80;60;14;6;944;0.105417;255;255;111;113
4187;0;80;60;14;6;944;0.105417;255;255;111;113
4319;0;83;60;14;5;927;0.105417;255;255;111;113
4308;0;80;60;14;2;927;0.105417;254;255;111;113
4308;0;80;60;14;2;897;0.105417;255;255;111;113
4105;0;80;60;14;0;873;0.105417;255;255;111;113
4105;0;80;60;14;0;873;0.105417;255;255;111;113
3937;0;80;60;14;0;865;0.105417;255;255;111;113
3974;0;80;60;14;0;864;0.105417;255;255;113;113
3974;0;80;60;14;0;864;0.105417;255;255;113;113
4020;0;80;60;14;0;855;0.105833;255;255;113;113
4020;0;80;60;14;0;855;0.105833;255;255;111;113
3746;0;80;60;14;1;858;0.105833;255;255;111;113
4030;0;85;60;14;1;870;0.105417;255;255;113;113
4030;0;85;60;14;1;870;0.105417;255;255;111;113
3919;0;80;60;14;3;876;0.105833;255;255;113;113
4108;0;81;60;14;4;876;0.105833;245;255;113;113
4108;0;81;60;14;4;892;0.105833;255;255;113;113
4160;0;83;60;14;3;900;0.105417;255;255;113;113
4160;0;83;60;14;3;900;0.105417;255;255;113;113
4187;0;81;60;14;0;871;0.105417;255;255;113;113
4187;0;85;60;14;0;871;0.105417;255;255;113;113
4180;0;85;60;14;0;852;0.105417;255;255;111;113
4187;0;81;60;14;0;841;0.105417;255;255;111;113
4187;0;81;60;14;0;841;0.105417;255;255;113;113
4187;0;85;60;14;0;841;0.105417;255;255;113;113
4157;0;81;60;14;0;837;0.105417;255;255;113;113
4157;0;81;60;14;0;837;0.105417;255;255;113;113
4245;0;85;60;14;0;834;0.105417;255;255;113;113
4245;0;85;60;14;0;834;0.105417;255;255;113;113
4134;0;81;60;14;0;837;0.105417;255;255;113;113
4204;0;80;60;14;0;837;0.105417;255;255;113;113
4204;0;80;60;14;0;838;0.105417;255;255;113;113
4174;0;81;60;14;0;831;0.105417;255;255;113;113
4174;0;81;60;14;0;831;0.105417;255;255;113;113
3998;0;81;60;14;0;841;0.105417;255;255;113;113
4163;0;82;60;14;0;841;0.105417;255;253;113;113
4163;0;82;60;14;0;841;0.105417;255;255;113;113
4048;0;81;60;14;0;837;0.105417;255;255;113;113
4048;0;81;60;14;0;837;0.105417;255;255;113;113
3955;0;85;60;14;0;843;0.105833;255;255;113;113
4287;0;81;60;14;0;843;0.105833;255;255;113;113
4287;0;81;60;14;0;843;0.105417;255;255;113;113
4032;0;85;60;14;0;837;0.105833;255;255;113;113
4023;0;81;60;14;0;837;0.105833;255;255;113;113
4023;0;81;60;14;0;846;0.105833;255;255;113;113
4201;0;81;60;14;0;838;0.105417;255;255;113;113
4201;0;81;60;14;0;838;0.105417;255;255;113;113
3926;0;82;60;14;0;843;0.105833;255;255;113;113
3926;0;81;60;14;0;843;0.105833;255;255;113;113
4228;0;81;60;14;0;843;0.105417;255;255;113;113
3856;0;84;60;14;0;843;0.105417;255;255;113;113
3856;0;84;60;14;0;843;0.105417;255;255;113;113
4004;0;81;60;14;0;847;0.105417;255;255;113;113
3862;0;84;60;14;0;849;0.105417;255;255;113;113
3862;0;84;60;14;0;849;0.105417;255;255;113;113
3926;0;81;60;14;0;853;0.105417;255;255;113;113
3926;0;81;60;14;0;853;0.105417;255;255;113;113
3796;0;81;60;14;0;855;0.105417;255;255;113;113
3796;0;84;60;14;3;855;0.105417;255;255;113;113
3887;0;84;60;14;3;868;0.105417;255;255;113;113
3822;0;81;60;14;8;920;0.105417;255;255;113;113
3822;0;81;60;14;8;920;0.105417;255;255;113;113
4026;0;82;60;14;11;969;0.105417;254;255;113;113
4026;0;82;60;14;11;969;0.105417;255;255;113;113
4121;0;82;60;14;14;991;0.105417;255;255;113;113
4449;0;84;60;14;15;1020;0.105417;255;255;113;113
4449;0;84;60;14;15;1020;0.105417;255;255;113;113
4539;0;82;60;14;15;1022;0.105417;255;255;113;113
4897;0;82;60;14;16;1023;0.105417;255;255;113;113
4897;0;82;60;14;16;1023;0.105417;255;255;113;113
5089;0;82;60;14;16;1014;0.105833;255;255;113;113
5089;0;82;60;14;16;1014;0.105833;255;255;113;113
5461;0;83;60;14;23;1041;0.105833;255;255;113;113
5647;0;83;60;14;26;1086;0.105833;255;255;113;113
5647;0;83;60;14;26;1086;0.105833;255;255;113;113
5773;0;83;60;14;29;1110;0.105833;255;255;113;113
5773;0;83;60;14;29;1110;0.105833;255;255;113;113
6276;0;88;60;14;32;1144;0.105417;255;255;113;113
6172;0;83;60;14;26;1125;0.105417;255;255;113;113
6172;0;83;60;14;26;1125;0.105417;255;255;113;113
6535;0;88;60;14;26;1104;0.105833;255;255;113;113
6535;0;83;60;14;26;1104;0.105833;254;255;113;113
6693;0;83;60;14;23;1052;0.105833;255;255;113;113
6815;0;87;60;14;25;1066;0.105833;255;255;113;113
6815;0;87;60;14;25;1066;0.105833;255;255;113;113
6949;0;87;60;14;26;1077;0.105833;255;255;113;113
6949;0;84;60;14;25;1077;0.105833;254;255;113;113
7110;0;84;60;14;25;1068;0.105833;255;255;113;113
6930;0;85;60;14;15;986;0.106250;255;255;113;113
6930;0;85;60;14;15;986;0.106250;255;255;113;113
6921;0;83;60;14;15;910;0.105833;255;255;113;113
7233;0;83;60;14;17;910;0.105833;255;255;113;113
7233;0;83;60;14;17;908;0.105417;255;255;113;113
7424;0;83;60;14;17;897;0.105417;255;255;113;113
7424;0;83;60;14;17;897;0.105417;255;255;113;113
6976;0;87;60;14;18;917;0.105417;255;255;113;113
7233;0;83;60;14;18;931;0.105833;255;255;113;113
7233;0;83;60;14;18;931;0.105833;255;255;113;113
7284;0;83;60;14;18;930;0.105833;255;255;113;113
7284;0;83;60;14;18;930;0.105833;255;255;113;113
7295;0;83;60;14;18;918;0.105833;255;255;113;113
7367;0;83;60;14;18;921;0.105833;255;255;113;113
7367;0;83;60;14;18;921;0.105833;255;255;113;113
7435;0;84;60;14;17;913;0.105833;255;255;113;113
7435;0;84;60;14;17;913;0.105833;255;255;113;113
7445;0;83;60;14;16;873;0.105833;255;255;113;113
7445;0;87;60;14;15;861;0.105833;255;255;113;113
7445;0;87;60;14;15;861;0.105833;255;255;113;113
7445;0;83;60;14;13;845;0.105833;255;255;113;113
7336;0;87;60;14;11;845;0.105833;254;255;113;113
7336;0;87;60;14;11;808;0.105833;255;255;113;113
7090;0;82;60;14;6;748;0.105417;255;255;113;113
7090;0;82;60;14;6;748;0.105417;255;255;113;113
7014;0;82;60;14;0;686;0.105417;255;255;113;113
7326;0;83;60;14;0;686;0.105417;255;255;113;113
7326;0;83;60;14;0;627;0.105000;255;255;113;113
7130;0;81;60;14;0;602;0.105000;255;255;113;113
7130;0;81;60;14;0;602;0.105000;255;255;113;113
7130;0;84;60;14;0;596;0.105000;255;255;113;113
7042;0;81;60;14;0;596;0.105000;255;255;113;113
7042;0;81;60;14;0;592;0.105000;255;255;113;113
6986;0;82;60;14;0;589;0.105000;253;255;113;113
6986;0;82;60;14;0;589;0.105000;255;249;113;113
6976;0;82;60;14;0;588;0.105000;254;255;113;113
6976;0;81;60;14;0;588;0.105000;255;255;113;113
6912;0;81;60;14;0;588;0.105000;255;255;113;113
6888;0;86;60;14;0;590;0.105000;255;255;113;113
6888;0;86;60;14;0;590;0.105000;255;255;113;113
6825;0;81;60;14;0;589;0.104583;255;255;113;113
6798;0;86;60;14;0;589;0.104583;255;255;113;113
6798;0;86;60;14;0;591;0.104583;255;255;113;113
6745;0;82;60;14;0;590;0.104583;255;255;113;113
6745;0;82;60;14;0;590;0.104583;255;247;113;113
6753;0;86;60;14;0;594;0.104583;255;255;113;113
6702;0;82;60;14;0;594;0.104583;255;255;113;113
6702;0;82;60;14;0;594;0.104583;253;255;113;113
6636;0;82;60;14;0;591;0.104583;255;255;113;113
6636;0;82;60;14;0;591;0.104583;255;255;113;113
6627;0;81;60;14;0;592;0.104583;255;255;113;113
6585;0;81;60;14;0;593;0.104583;255;255;113;113
6585;0;81;60;14;0;593;0.104583;255;255;115;113
6552;0;83;60;14;0;594;0.104583;255;255;115;113
6552;0;83;60;14;0;594;0.104583;255;254;113;113
6511;0;82;60;14;0;595;0.104583;255;255;113;113
6479;0;86;60;14;0;600;0.104583;255;255;113;113
6479;0;86;60;14;0;600;0.104583;255;255;115;113
6454;0;82;60;14;0;599;0.104583;255;255;113;113
6447;0;85;60;14;0;604;0.104583;255;255;113;113
6447;0;85;60;14;0;604;0.104583;255;255;113;113
6400;0;82;60;14;0;603;0.104583;255;255;115;113
6400;0;82;60;14;0;603;0.104583;255;255;115;115
6269;0;86;60;14;0;605;0.104583;254;255;115;115
6269;0;86;60;14;0;608;0.104583;255;255;115;115
6269;0;86;60;14;0;608;0.104583;255;255;115;113
6254;0;82;60;14;0;608;0.104583;255;255;115;113
6254;0;86;60;14;0;608;0.104583;255;255;115;113
6202;0;86;60;14;0;609;0.104583;255;255;115;113
6150;0;82;60;14;0;609;0.104583;255;255;115;115
6150;0;82;60;14;0;608;0.105000;255;255;115;113
6085;0;87;60;14;0;607;0.105000;255;255;115;115
6085;0;87;60;14;0;607;0.105000;255;255;115;113
6049;0;82;60;14;0;607;0.105000;255;255;115;115
6000;0;86;60;14;0;606;0.105000;255;255;115;115
6000;0;86;60;14;0;606;0.105000;255;255;115;113
5987;0;82;60;14;0;603;0.104583;255;255;115;115
5987;0;82;60;14;0;603;0.104583;255;255;115;115
5919;0;82;60;14;0;602;0.105000;255;255;115;115
5919;0;86;60;14;0;600;0.105000;255;255;115;115
5919;0;86;60;14;0;600;0.105000;255;255;115;115
5899;0;82;60;14;0;600;0.105000;255;255;115;115
5899;0;82;60;14;0;600;0.105000;255;255;115;115
5844;0;86;60;14;0;602;0.105000;255;255;115;115
5747;0;82;60;14;0;609;0.105000;255;255;115;115
5747;0;82;60;14;0;609;0.105000;255;255;115;115
5805;0;84;60;14;0;619;0.105000;255;255;115;115
5710;0;82;60;14;0;619;0.105000;255;255;115;115
5710;0;82;60;14;0;620;0.105000;255;255;115;115
5602;0;83;60;14;0;632;0.105000;253;255;115;115
5602;0;83;60;14;0;632;0.105000;255;255;115;115
5560;0;82;60;14;0;640;0.104583;255;255;115;115
5467;0;82;60;14;0;640;0.104583;255;255;115;115
5467;0;82;60;14;0;649;0.104583;242;255;115;115
5489;0;87;60;14;0;661;0.104583;255;255;115;115
5489;0;82;60;14;0;661;0.104583;255;255;115;115
5472;0;82;60;14;0;663;0.105000;255;255;115;115
5376;0;87;60;14;0;675;0.105000;255;255;115;115
5376;0;87;60;14;0;675;0.105000;255;255;115;115
5295;0;82;60;14;0;684;0.105000;255;255;115;115
5295;0;82;60;14;0;684;0.105000;255;255;115;115
5227;0;83;60;14;0;697;0.105000;255;255;115;115
5185;0;83;60;14;0;704;0.105000;255;255;115;115
5185;0;83;60;14;0;704;0.105000;255;255;115;115
5094;0;82;60;14;0;717;0.105000;255;255;115;115
5094;0;82;60;14;0;717;0.105000;255;255;115;115
5135;0;87;60;14;0;721;0.104583;255;255;115;115
5054;0;82;60;14;0;731;0.105000;255;255;115;115
5054;0;82;60;14;0;731;0.105000;255;255;115;115
4948;0;83;60;14;0;740;0.105000;255;255;115;115
4948;0;83;60;14;0;740;0.105000;255;251;115;115
4875;0;83;60;14;0;755;0.105000;255;255;115;115
4897;0;83;60;14;4;790;0.105000;255;255;115;115
4897;0;83;60;14;4;790;0.105000;255;255;115;115
4870;0;83;60;14;4;824;0.105000;255;255;115;115
4870;0;85;60;14;6;824;0.105000;255;255;115;115
5190;0;85;60;14;6;848;0.105000;255;255;115;115
5427;0;87;60;14;8;837;0.105417;255;255;115;115
5427;0;87;60;14;8;837;0.105417;255;255;115;115
4590;0;83;60;14;2;843;0.105833;255;255;115;115
4590;0;83;60;14;2;843;0.105833;255;255;115;115
4705;0;83;60;14;0;823;0.105417;255;255;115;115
4752;0;83;60;14;0;811;0.105833;254;255;115;115
4752;0;83;60;14;0;811;0.105833;255;255;115;115
5006;0;85;60;14;0;789;0.105417;255;255;115;115
4714;0;83;60;14;0;791;0.105000;250;255;115;115
4714;0;83;60;14;0;791;0.105000;255;255;115;115
4801;0;83;60;14;0;791;0.105000;255;255;115;115
4801;0;83;60;14;0;791;0.105000;255;255;115;115
4574;0;83;60;14;0;794;0.104583;254;255;115;115
4461;0;83;60;14;0;799;0.104583;255;255;115;115
4461;0;83;60;14;0;799;0.104583;255;255;115;115
4510;0;85;60;14;1;813;0.104583;255;255;115;115
4382;0;83;60;14;1;813;0.104583;255;255;115;115
4382;0;83;60;14;1;822;0.104583;255;255;115;115
4438;0;85;60;14;2;831;0.104583;251;255;115;115
4438;0;85;60;14;2;831;0.104583;255;255;115;115
4503;0;83;60;14;2;836;0.104583;255;255;115;115
4503;0;87;60;14;5;836;0.104583;255;255;116;115
4461;0;87;60;14;5;872;0.105000;255;255;115;115
4823;0;83;60;14;6;885;0.105417;252;255;115;115
4823;0;83;60;14;6;885;0.105417;243;255;116;115
4245;0;84;60;14;6;896;0.105417;255;255;116;115
4749;0;83;60;14;6;896;0.105417;255;251;115;115
4749;0;83;60;14;6;907;0.105417;255;255;116;115
4550;0;83;60;14;6;903;0.105833;255;255;115;115
4550;0;83;60;14;6;903;0.105833;255;255;116;115
4731;0;88;60;14;6;900;0.105833;255;255;115;115
4779;0;83;60;14;6;900;0.105833;255;255;116;115
4779;0;83;60;14;6;899;0.105833;255;255;115;115
4934;0;86;60;14;6;888;0.105833;255;255;116;115
4934;0;86;60;14;6;888;0.105833;255;255;116;115
4828;0;83;60;14;5;882;0.105833;255;255;116;115
5030;0;83;60;14;5;868;0.105833;255;253;116;115
5030;0;83;60;14;5;868;0.105833;255;255;116;115
4916;0;84;60;14;4;854;0.105833;255;255;116;115
4916;0;84;60;14;4;854;0.105833;255;255;115;115
5054;0;83;60;14;3;817;0.105833;255;255;116;115
4897;0;85;60;14;1;802;0.105833;255;255;116;115
4897;0;85;60;14;1;802;0.105833;255;255;116;115
4655;0;83;60;14;1;806;0.105833;255;255;116;115
4655;0;83;60;14;1;806;0.105833;255;255;116;115
4774;0;86;60;14;1;815;0.105417;255;255;116;115
4972;0;83;60;14;4;819;0.105000;255;255;116;115
4972;0;83;60;14;4;819;0.105000;255;255;116;115
4810;0;87;59;14;3;831;0.104583;255;255;116;115
4810;0;87;59;14;3;831;0.104583;255;255;116;115
4962;0;86;60;14;4;840;0.105000;255;255;116;115
4819;0;83;60;14;4;840;0.105417;255;255;116;115
4819;0;83;60;14;4;840;0.105417;255;255;116;115
4929;0;83;60;14;4;845;0.105417;255;255;116;115
4792;0;83;60;14;4;844;0.105417;255;255;116;115
4792;0;83;60;14;4;844;0.105417;255;255;116;115
4642;0;86;60;14;4;858;0.105417;255;255;116;116
4642;0;86;60;14;4;858;0.105417;255;255;116;115
4714;0;83;60;14;4;862;0.105417;255;255;116;115
4792;0;87;60;14;4;860;0.105417;255;255;116;115
4792;0;87;60;14;4;860;0.105417;255;255;116;115
4562;0;83;60;14;5;867;0.105417;255;255;116;116
4562;0;87;60;14;5;867;0.105417;255;255;116;116
4752;0;87;60;14;5;873;0.105833;255;255;116;116
4744;0;83;60;14;5;877;0.105833;255;255;116;116
4744;0;83;60;14;5;877;0.105833;255;255;116;116
4801;0;83;60;14;6;882;0.105833;255;255;116;115
4801;0;83;60;14;6;882;0.105833;255;255;116;116
4828;0;88;60;14;6;885;0.105833;255;255;116;115
4870;0;83;60;14;8;894;0.105833;255;255;116;116
4870;0;83;60;14;8;894;0.105833;255;255;116;116
5079;0;84;60;14;9;900;0.105833;255;255;116;116
5079;0;84;60;14;9;900;0.105833;255;255;116;115
4982;0;89;60;14;9;903;0.105833;255;255;116;116
5279;0;84;59;14;9;893;0.105833;255;255;116;116
5279;0;84;59;14;9;893;0.105833;255;255;116;116
5350;0;84;59;14;8;887;0.105833;255;255;116;115
5350;0;88;59;14;8;887;0.105833;255;255;116;116
5393;0;88;59;14;8;868;0.105833;255;255;116;116
5502;0;84;60;14;8;855;0.105833;255;255;116;116
5502;0;84;60;14;8;855;0.105833;255;255;116;116
5703;0;89;59;14;5;773;0.105417;255;255;116;116
5703;0;89;59;14;5;773;0.105417;255;255;116;116
5536;0;84;59;14;4;749;0.105417;255;255;116;116
5536;0;84;59;14;4;749;0.105417;255;255;116;116
5560;0;88;59;14;3;742;0.105417;255;255;116;116
5350;0;84;59;14;3;736;0.105417;255;255;116;116
5350;0;84;59;14;3;736;0.105417;255;255;116;116
5388;0;84;59;14;3;748;0.105000;255;255;116;116
5642;0;84;59;14;3;748;0.105000;255;255;116;116
5642;0;84;59;14;3;735;0.105000;255;255;116;116
5554;0;84;59;14;1;713;0.104583;255;255;118;116
5554;0;84;59;14;1;713;0.104583;255;255;116;116
5356;0;89;59;14;1;697;0.105000;255;255;116;116
5049;0;84;59;14;1;697;0.105000;255;255;118;116
5049;0;84;59;14;1;711;0.105000;255;255;118;116
5345;0;85;59;14;1;726;0.105000;255;255;118;116
5345;0;85;59;14;1;726;0.105000;255;251;118;116
5135;0;84;59;14;1;723;0.104583;255;255;118;116
5069;0;88;59;14;1;743;0.104583;255;255;118;116
5069;0;88;59;14;1;743;0.104583;255;255;118;116
5135;0;84;59;14;1;749;0.105000;255;255;118;116
5135;0;84;59;14;1;749;0.105000;255;254;118;116
4982;0;88;59;14;1;758;0.105000;255;255;118;116
4897;0;89;59;14;1;758;0.105000;255;255;118;116
4897;0;89;59;14;1;774;0.105000;255;255;118;116
4925;0;84;59;14;1;780;0.104583;255;255;116;116
4925;0;84;59;14;1;780;0.104583;255;255;118;116
4832;0;84;59;14;1;794;0.104583;255;255;118;116
4671;0;84;59;14;1;801;0.104583;255;255;118;116
4671;0;84;59;14;1;801;0.104583;255;255;118;116
4757;0;86;59;14;1;807;0.104583;255;255;118;116
4757;0;86;59;14;1;807;0.104583;255;255;118;116
4582;0;84;59;14;1;813;0.104583;255;255;118;116
4587;0;84;59;14;1;817;0.104583;255;255;118;116
4587;0;84;59;14;1;817;0.104583;255;255;118;116
4446;0;85;59;14;1;817;0.104583;255;255;118;116
4446;0;85;59;14;1;817;0.104583;255;255;118;116
4526;0;84;59;14;1;827;0.104583;255;255;118;116
4438;0;89;59;14;1;825;0.104583;255;255;118;116
4438;0;89;59;14;1;825;0.104583;255;255;118;116
4334;0;84;59;14;1;833;0.105000;254;255;118;116
4334;0;85;59;14;1;833;0.105000;255;255;118;116
4312;0;85;59;14;1;838;0.105000;255;255;118;116
4327;0;84;59;14;1;841;0.105000;255;247;118;116
4327;0;84;59;14;1;841;0.105000;255;255;118;116
4352;0;88;59;14;1;837;0.105417;255;255;118;116
4352;0;88;59;14;1;837;0.105417;254;255;118;116
4187;0;85;59;14;1;843;0.105000;255;255;118;116
4308;0;84;59;14;1;846;0.105000;255;255;118;116
4308;0;84;59;14;1;846;0.105000;255;255;118;116
4305;0;85;59;14;1;843;0.105000;255;255;118;116
4400;0;84;59;14;1;838;0.105417;255;255;118;116
4400;0;84;59;14;1;838;0.105417;255;255;118;116
4150;0;87;59;14;1;841;0.105417;255;255;118;116
4150;0;87;59;14;1;841;0.105417;255;255;118;116
4231;0;84;59;14;1;843;0.105417;255;255;118;116
4167;0;88;59;14;1;843;0.105417;255;255;118;116
4167;0;88;59;14;1;843;0.105417;255;255;118;116
4180;0;84;59;14;1;846;0.105833;255;255;118;116
4180;0;84;59;14;1;846;0.105833;255;255;118;116
4157;0;84;59;14;1;843;0.105417;255;255;118;116
4147;0;84;59;14;1;848;0.105417;255;255;118;116
4147;0;84;59;14;1;848;0.105417;255;255;118;116
4259;0;84;59;14;1;846;0.105417;255;255;118;116
4259;0;85;59;14;1;846;0.105417;255;255;118;116
4121;0;85;59;14;1;844;0.105417;255;255;118;116
4201;0;84;59;14;1;847;0.105417;255;255;118;116
4201;0;84;59;14;1;847;0.105417;255;255;118;116
4130;0;85;59;14;1;843;0.105417;255;255;118;116
4160;0;85;59;14;1;846;0.105417;255;255;118;116
4160;0;85;59;14;1;846;0.105417;255;255;118;116
4154;0;85;59;14;1;843;0.105417;255;255;118;116
4154;0;85;59;14;1;843;0.105417;255;255;118;116
4167;0;85;59;14;1;844;0.105417;255;255;118;116
4108;0;85;59;14;1;844;0.105417;255;255;118;116
4108;0;85;59;14;1;847;0.105417;255;255;118;116
4255;0;86;59;14;1;850;0.105417;255;255;118;116
4255;0;86;59;14;1;850;0.105417;255;255;118;116
4070;0;85;59;14;2;851;0.105417;255;255;118;116
4150;0;88;59;14;2;859;0.105417;255;255;118;116
4150;0;88;59;14;2;859;0.105417;255;255;118;116
4245;0;85;59;14;2;856;0.105417;255;255;118;116
4245;0;85;59;14;2;856;0.105417;255;255;118;116
4150;0;85;59;14;2;863;0.105417;255;255;118;116
4334;0;84;59;14;2;862;0.105417;255;255;118;116
4334;0;84;59;14;2;862;0.105417;255;255;120;116
4180;0;90;59;14;3;864;0.105417;255;255;118;116
4180;0;85;59;14;3;864;0.105417;255;255;118;116
4284;0;85;59;14;3;868;0.105833;255;255;120;116
4221;0;85;59;14;3;861;0.105417;255;255;118;116
4221;0;85;59;14;3;861;0.105417;255;255;118;116
4308;0;89;59;14;2;864;0.105833;255;255;118;116
4308;0;89;59;14;2;864;0.105833;255;255;118;116
4316;0;85;59;14;2;858;0.105417;255;255;118;116
4374;0;90;59;14;2;853;0.105417;255;255;120;116
4374;0;90;59;14;2;853;0.105417;255;255;118;116
4197;0;88;59;14;0;830;0.105417;1;255;120;116
4197;0;87;59;14;0;830;0.105417;3;255;120;116
3771;0;87;59;14;0;834;0.105417;2;255;120;116
3151;0;84;59;14;0;875;0.104583;2;255;120;116
3151;0;84;59;14;0;875;0.104583;2;255;120;116
2511;0;84;59;14;0;932;0.104583;2;255;120;116
2511;0;84;59;14;0;932;0.104583;2;255;120;116
